1.000000000000000000e+02 1.034932758012061385e+02
1.010000000000000000e+02 1.027759327697500140e+02
1.020000000000000000e+02 1.008471375922491546e+02
1.040000000000000000e+02 9.920417536546179349e+01
1.050000000000000000e+02 9.845961995625656016e+01
1.060000000000000000e+02 9.891437931576362530e+01
1.080000000000000000e+02 9.941259734773106516e+01
1.090000000000000000e+02 9.899485261441337514e+01
1.100000000000000000e+02 9.760634017568160914e+01
1.120000000000000000e+02 9.632336612301702417e+01
1.130000000000000000e+02 9.547928258527090861e+01
1.140000000000000000e+02 9.572289669999886996e+01
1.160000000000000000e+02 9.711227161114510409e+01
1.170000000000000000e+02 9.857881322177483696e+01
1.180000000000000000e+02 9.953446726088637320e+01
1.200000000000000000e+02 9.918270142734718320e+01
1.210000000000000000e+02 9.814136441529640820e+01
1.220000000000000000e+02 9.681763362086117297e+01
1.240000000000000000e+02 9.550716585706361172e+01
1.250000000000000000e+02 9.495202622869045683e+01
1.260000000000000000e+02 9.448866414859344331e+01
1.280000000000000000e+02 9.429169285594487349e+01
1.290000000000000000e+02 9.535084465658282227e+01
1.300000000000000000e+02 1.026290349713440264e+02
1.320000000000000000e+02 1.544949743654887300e+02
1.330000000000000000e+02 9.795983072564526140e+01
1.340000000000000000e+02 9.580008091856835506e+01
1.360000000000000000e+02 9.506963042597178060e+01
1.370000000000000000e+02 9.521680312185543471e+01
1.380000000000000000e+02 9.395118358583644635e+01
1.400000000000000000e+02 9.225985392258581896e+01
1.410000000000000000e+02 9.034155772443556032e+01
1.420000000000000000e+02 8.842263009042471822e+01
1.440000000000000000e+02 8.615656564962155528e+01
1.450000000000000000e+02 8.477650141622017088e+01
1.460000000000000000e+02 8.603426236442128072e+01
1.480000000000000000e+02 8.867420258184415616e+01
1.490000000000000000e+02 8.730024136992410888e+01
1.510000000000000000e+02 8.644175086907202399e+01
1.520000000000000000e+02 8.824955264878545336e+01
1.530000000000000000e+02 9.025129808838866552e+01
1.550000000000000000e+02 8.844000889622620321e+01
1.560000000000000000e+02 8.670917038925371401e+01
1.570000000000000000e+02 8.598525843711283301e+01
1.590000000000000000e+02 8.546917835677113828e+01
1.600000000000000000e+02 8.683407866030114519e+01
1.610000000000000000e+02 8.874715441821092554e+01
1.630000000000000000e+02 8.996972938004674347e+01
1.640000000000000000e+02 9.072040141702257188e+01
1.650000000000000000e+02 9.090768572452205376e+01
1.670000000000000000e+02 9.062737106099892515e+01
1.680000000000000000e+02 8.950605435685793054e+01
1.690000000000000000e+02 8.820826837692547429e+01
1.710000000000000000e+02 8.686635347401980312e+01
1.720000000000000000e+02 8.571929555618518748e+01
1.730000000000000000e+02 8.507427742115851288e+01
1.750000000000000000e+02 8.494689200929188644e+01
1.760000000000000000e+02 8.525164471089995288e+01
1.770000000000000000e+02 8.619732666020911438e+01
1.790000000000000000e+02 8.720761059216721378e+01
1.800000000000000000e+02 8.669662086508046173e+01
1.810000000000000000e+02 8.565812929861802161e+01
1.830000000000000000e+02 8.671221417617651639e+01
1.840000000000000000e+02 8.708396970589613773e+01
1.850000000000000000e+02 8.816497393717563114e+01
1.870000000000000000e+02 8.898608460699857403e+01
1.880000000000000000e+02 8.702649921222695184e+01
1.890000000000000000e+02 8.619080758033813083e+01
1.910000000000000000e+02 8.677552751927906627e+01
1.920000000000000000e+02 8.700022845770344304e+01
1.930000000000000000e+02 8.607495467030049952e+01
1.950000000000000000e+02 8.561399594102954325e+01
1.960000000000000000e+02 8.525348494851154157e+01
1.970000000000000000e+02 8.371803938706410975e+01
1.990000000000000000e+02 8.337487922049437827e+01
2.000000000000000000e+02 8.519165662934517513e+01
2.020000000000000000e+02 8.774988028594289347e+01
2.030000000000000000e+02 8.957801326650900364e+01
2.040000000000000000e+02 9.025557435500377323e+01
2.060000000000000000e+02 8.994695730049302540e+01
2.070000000000000000e+02 8.923612490163948507e+01
2.080000000000000000e+02 8.885611570711517970e+01
2.100000000000000000e+02 8.958813990425964846e+01
2.110000000000000000e+02 9.007430840204109757e+01
2.120000000000000000e+02 8.933925183648403845e+01
2.140000000000000000e+02 9.027104842335714352e+01
2.150000000000000000e+02 9.075109998893550767e+01
2.160000000000000000e+02 9.040030545753351987e+01
2.180000000000000000e+02 8.986160602174329881e+01
2.190000000000000000e+02 8.951129885740050440e+01
2.200000000000000000e+02 8.932697770049416874e+01
2.220000000000000000e+02 8.942015551145031793e+01
2.230000000000000000e+02 8.988122341456737274e+01
2.240000000000000000e+02 9.067607820803404195e+01
2.260000000000000000e+02 9.214921985495026036e+01
2.270000000000000000e+02 9.431508893111083580e+01
2.280000000000000000e+02 9.614460034642337405e+01
2.300000000000000000e+02 9.619310396470311275e+01
2.310000000000000000e+02 9.561747973076332130e+01
2.320000000000000000e+02 9.497671418557121115e+01
2.340000000000000000e+02 9.495893108748124689e+01
2.350000000000000000e+02 9.524420332506491604e+01
2.360000000000000000e+02 9.554852690951619820e+01
2.380000000000000000e+02 9.598368328783583081e+01
2.390000000000000000e+02 9.703680783885010896e+01
2.400000000000000000e+02 9.946001550211674669e+01
2.420000000000000000e+02 1.041294194032663825e+02
2.430000000000000000e+02 1.091445204358291079e+02
2.440000000000000000e+02 1.120473888547968642e+02
2.460000000000000000e+02 1.118759705865255825e+02
2.470000000000000000e+02 1.098912438362331159e+02
2.480000000000000000e+02 1.081471291540641886e+02
2.500000000000000000e+02 1.083936799019493833e+02
2.510000000000000000e+02 1.092346417904185643e+02
2.530000000000000000e+02 1.093723812472194510e+02
2.540000000000000000e+02 1.076713598673989338e+02
2.550000000000000000e+02 1.051587551743685935e+02
2.570000000000000000e+02 1.013731573365182754e+02
2.580000000000000000e+02 9.760985091102983802e+01
2.590000000000000000e+02 9.465438238564188111e+01
2.610000000000000000e+02 9.315564603923682796e+01
2.620000000000000000e+02 9.265491697298951124e+01
2.630000000000000000e+02 9.330179373257959696e+01
2.650000000000000000e+02 9.421343857467992677e+01
2.660000000000000000e+02 9.446981213411308431e+01
2.670000000000000000e+02 9.261627861720351973e+01
2.690000000000000000e+02 9.027307042115627667e+01
2.700000000000000000e+02 8.881093510076354391e+01
2.710000000000000000e+02 8.888182739149860367e+01
2.730000000000000000e+02 9.054647881952008959e+01
2.740000000000000000e+02 9.288536461233900354e+01
2.750000000000000000e+02 9.437140288070966676e+01
2.770000000000000000e+02 9.403306441660244275e+01
2.780000000000000000e+02 9.260618490617963516e+01
2.790000000000000000e+02 9.097539300253295380e+01
2.810000000000000000e+02 9.012077529346579752e+01
2.820000000000000000e+02 8.996197040306647352e+01
2.830000000000000000e+02 8.973708252038936450e+01
2.850000000000000000e+02 9.105776836936421148e+01
2.860000000000000000e+02 9.311301290318574786e+01
2.870000000000000000e+02 9.465569284111549564e+01
2.890000000000000000e+02 9.520015034026043566e+01
2.900000000000000000e+02 9.502014667481959975e+01
2.910000000000000000e+02 9.412196522614874539e+01
2.930000000000000000e+02 9.332883997275412469e+01
2.940000000000000000e+02 9.334573678313162759e+01
2.950000000000000000e+02 9.426895455689488301e+01
2.970000000000000000e+02 9.646530543722474249e+01
2.980000000000000000e+02 9.987481423241784739e+01
3.000000000000000000e+02 1.046521745112305410e+02
